MEMORY
  total            14.2 MB
  struct          159.0 KB
  buffer           23.4 KB
  arena            14.0 MB, used 0.8%

SIZES
  narena                14680064
  nbuffer               23920
  nplugin               1
  maxuse_stack          17904
  maxuse_arena          110304
  maxuse_con            19
  maxuse_efc            114
  ncon                  0
  ne                    0
  nf                    0
  nl                    0
  nefc                  0
  nJ                    0
  nA                    0
  nisland               0
  threadpool            0

TIMER
    0:  duration =  2.9        number = 1
    1:  duration =  2.9        number = 1
    2:  duration =  0          number = 0
    3:  duration =  2.9        number = 1
    4:  duration =  0.0011     number = 1
    5:  duration =  0.00023    number = 1
    6:  duration =  5e-05      number = 1
    7:  duration =  0.0018     number = 1
    8:  duration =  0.0012     number = 1
    9:  duration =  0.00079    number = 2
    10:  duration =  2.9        number = 1
    11:  duration =  0.00044    number = 1
    12:  duration =  4e-05      number = 1
    13:  duration =  0.001      number = 1
    14:  duration =  2.9        number = 1

ENERGY =   0         0       

TIME =  0.33    

QPOS
  -0.00015 
   5.2e-08 
  -7.4e-05 
  -1.7e-05 
   8.9e-06 
  -1.2e-05 
   0.0039  
  -0.1     
   0.012   
   0.93    
  -0.36    
   0.013   
  -0.046   
   0.062   
  -0.1     
   0.081   
   0.84    
  -0.51    
  -0.17    
   0.039   
   0.0091  
  -0.017   
  -0.054   
   1       
  -0.049   
  -0.013   
  -0.075   

QVEL
  -0.11    
  -0.0002  
  -0.04    
   0.0042  
  -0.0087  
  -0.0015  
  -0.12    
   0.97    
  -1.3     
   9.7     
   2.2     
   2       
   0.59    
   0.49    
   1       
  -1.4     
  -5.3     
  -3.1     
   0.086   
   0.23    
  -0.011   
   1.7     
  -0.11    
  -0.92    

QACC_WARMSTART
   17      
  -1.2     
   7       
   19      
  -43      
  -62      
  -3.9     
   12      
   0.85    
  -1.8     
   8       
   4e-13   
  -7.2     
   2.9     
  -7.9     
   6.9     
  -5e-14   
  -3.1     
   0.31    
  -0.04    
  -9.4     
  -0.042   
  -0.66    
   1.8e-13 

CTRL
  -0.00011 
   0       
  -4.1e-05 
   0       
   0       
   0       

QFRC_APPLIED
   0       
   0       
   0       
   0       
   0       
   0       
   0       
   0       
   0       
   0       
   0       
   0       
   0       
   0       
   0       
   0       
   0       
   0       
   0       
   0       
   0       
   0       
   0       
   0       

XFRC_APPLIED
   0         0         0         0         0         0       
   0         0         0         0         0         0       
   0         0         0         0         0         0       
   0         0         0         0         0         0       
   0         0         0         0         0         0       
   0         0         0         0         0         0       
   0         0         0         0         0         0       
   0         0         0         0         0         0       
   0         0         0         0         0         0       

QACC
   17      
  -1.2     
   7       
   19      
  -43      
  -62      
  -3.9     
   12      
   0.85    
  -1.8     
   8       
   4e-13   
  -7.2     
   2.9     
  -7.9     
   6.9     
  -5e-14   
  -3.1     
   0.31    
  -0.04    
  -9.4     
  -0.042   
  -0.66    
   1.8e-13 

XPOS
   0         0         0       
   0         0         0       
  -9.3e-05   1.5e-07   0.1     
   0.0039   -0.1       0.012   
  -0.087     0.01      0.12    
   0.061    -0.1       0.08    
  -0.12      0.013     0.12    
   0.0091   -0.017    -0.054   
  -0.063     0.011     0.11    

XQUAT
   1         0         0         0       
   1         0         0         0       
   1        -5.5e-06   6.6e-06  -9.5e-06 
   0.93     -0.37      0.013    -0.046   
  -0.013     0.046     0.93     -0.37    
   0.84     -0.51     -0.17      0.039   
   0.09     -0.14      0.96      0.24    
   1        -0.049    -0.013    -0.074   
   0.074    -0.013     0.049     1       

XMAT
   1         0         0         0         1         0         0         0         1       
   1         0         0         0         1         0         0         0         1       
   1         1.9e-05   1.3e-05  -1.9e-05   1         1.1e-05  -1.3e-05  -1.1e-05   1       
   1         0.077     0.058    -0.096     0.73      0.68      0.01     -0.68      0.73    
  -1         0.077    -0.058     0.096     0.73     -0.68     -0.01     -0.68     -0.73    
   0.94      0.1      -0.32      0.24      0.48      0.85      0.24     -0.87      0.42    
  -0.94     -0.32      0.1      -0.24      0.85      0.48     -0.24      0.42     -0.87    
   0.99      0.15     -0.018    -0.15      0.98      0.099     0.033    -0.096     0.99    
  -0.99     -0.15     -0.018     0.15     -0.98      0.099    -0.033     0.096     0.99    

XIPOS
   0         0         0       
   0         0         0       
  -0.024     0.016     0.13    
   0.0039   -0.1       0.012   
  -0.087     0.0086    0.12    
   0.061    -0.1       0.08    
  -0.12      0.014     0.12    
   0.0091   -0.017    -0.054   
  -0.063     0.011     0.12    

XIMAT
   1         0         0         0         1         0         0         0         1       
   1         0         0         0         1         0         0         0         1       
   0.0013    0.0084    1        -0.64     -0.77      0.0073    0.77     -0.64      0.0043  
   1         0.077     0.058    -0.096     0.73      0.68      0.01     -0.68      0.73    
  -0.058     1        -0.077    -0.68     -0.096    -0.73     -0.73      0.01      0.68    
   0.94      0.1      -0.32      0.24      0.48      0.85      0.24     -0.87      0.42    
   0.1       0.94      0.32      0.48      0.24     -0.85     -0.87      0.24     -0.42    
   0.99      0.15     -0.018    -0.15      0.98      0.099     0.033    -0.096     0.99    
  -0.018     0.99      0.15      0.099    -0.15      0.98      0.99      0.033    -0.096   

XANCHOR
   0         0         0.1     
  -9.3e-05   0         0.1     
  -9.3e-05   1.5e-07   0.1     
  -9.3e-05   1.5e-07   0.1     
  -9.3e-05   1.5e-07   0.1     
  -9.3e-05   1.5e-07   0.1     
   0.0039   -0.1       0.012   
   0.061    -0.1       0.08    
   0.0091   -0.017    -0.054   

XAXIS
   1         0         0       
   0         1         0       
   0         0         1       
   0         0         1       
   1.9e-05   1         0       
   1        -1.9e-05  -1.3e-05 
   0         0         1       
   0         0         1       
   0         0         1       

GEOM_XPOS
   0         0         0       
  -0.024     0.016     0.13    
  -0.087     0.01      0.12    
  -0.087     0.0063    0.12    
  -0.12      0.013     0.12    
  -0.11      0.015     0.12    
  -0.063     0.011     0.11    
  -0.063     0.011     0.12    

GEOM_XMAT
   1         0         0         0         1         0         0         0         1       
   0.0013    0.0084    1        -0.64     -0.77      0.0073    0.77     -0.64      0.0043  
  -1         0.077    -0.058     0.096     0.73     -0.68     -0.01     -0.68     -0.73    
  -1         0.077    -0.058     0.096     0.73     -0.68     -0.01     -0.68     -0.73    
  -0.94     -0.32      0.1      -0.24      0.85      0.48     -0.24      0.42     -0.87    
  -0.94     -0.32      0.1      -0.24      0.85      0.48     -0.24      0.42     -0.87    
  -0.99     -0.15     -0.018     0.15     -0.98      0.099    -0.033     0.096     0.99    
  -0.99     -0.15     -0.018     0.15     -0.98      0.099    -0.033     0.096     0.99    

CAM_XPOS
  -0.4      -0.62      0.6     

CAM_XMAT
   0.8       0.2      -0.56     -0.6       0.27     -0.75      5.6e-17   0.94      0.34    

LIGHT_XPOS
   0         0         1.5     

LIGHT_XDIR
   0         0        -1       

SUBTREE_COM
  -0.026     0.016     0.13    
  -0.024     0.016     0.13    
  -0.024     0.016     0.13    
  -0.087     0.0086    0.12    
  -0.087     0.0086    0.12    
  -0.12      0.014     0.12    
  -0.12      0.014     0.12    
  -0.063     0.011     0.12    
  -0.063     0.011     0.12    

CDOF
   0         0         0         1         0         0       
   0         0         0         0         1         0       
   0         0         0         0         0         1       
   0         0         1        -0.016    -0.024     0       
   1.9e-05   1         0         0.026    -5e-07     0.024   
   1        -1.9e-05  -1.3e-05  -2.8e-07  -0.026     0.016   
   0         0         0         1         0         0       
   0         0         0         0         1         0       
   0         0         0         0         0         1       
   1        -0.096     0.01     -0.011    -0.11      0.1     
   0.077     0.73     -0.68      0.15      0.054     0.075   
   0.058     0.68      0.73     -0.0077   -0.073     0.068   
   0         0         0         1         0         0       
   0         0         0         0         1         0       
   0         0         0         0         0         1       
   0.94      0.24      0.24     -0.019    -0.079     0.15    
   0.1       0.48     -0.87      0.12      0.15      0.096   
  -0.32      0.85      0.42     -0.016    -0.063     0.11    
   0         0         0         1         0         0       
   0         0         0         0         1         0       
   0         0         0         0         0         1       
   0.99     -0.15      0.033    -0.026    -0.17      0.017   
   0.15      0.98     -0.096     0.17     -0.018     0.075   
  -0.018     0.099     0.99     -0.01     -0.069     0.0067  

CINERT
   0         0         0         0         0         0         0         0         0         0       
   0         0         0         0         0         0         0        -0        -0         0       
   0.0011    0.0098    0.0099   -6.3e-05  -3.6e-05  -0.00028   0         0         0         1.1     
   0         0         0         0         0         0         0        -0        -0         0       
   3.7e-07   4.4e-07   4.5e-07   6e-09     6.5e-09   7.6e-08   0         0         0         0.009   
   0         0         0         0         0         0         0        -0        -0         0       
   3.7e-07   4e-07     4.8e-07   7.6e-09  -1.4e-08  -6.3e-08   0         0         0         0.009   
   0         0         0         0         0         0         0        -0        -0         0       
   3.7e-07   3.7e-07   5.2e-07  -2.7e-10  -2.7e-09   1.5e-08   0         0         0         0.009   

ACTUATOR_LENGTH
  -9.3e-05 
   1.5e-07 
  -5.4e-05 
  -1.9e-05 
   1.3e-05 
  -1.1e-05 

actuator_moment
--------------------------
 x                        |
  x                       |
   x                      |
    x                     |
     x                    |
      x                   |
--------------------------

ACTUATOR_MOMENT
     0:  1       
     1:  1       
     2:  1       
     3:  1       
     4:  1       
     5:  1       

CRB
   0         0         0         0         0         0         0         0         0         0       
   0.0011    0.0098    0.0099   -6.3e-05  -3.6e-05  -0.00028   0         0         0         1.1     
   0.0011    0.0098    0.0099   -6.3e-05  -3.6e-05  -0.00028   0         0         0         1.1     
   3.7e-07   4.4e-07   4.5e-07   6e-09     6.5e-09   7.6e-08   0         0         0         0.009   
   3.7e-07   4.4e-07   4.5e-07   6e-09     6.5e-09   7.6e-08   0         0         0         0.009   
   3.7e-07   4e-07     4.8e-07   7.6e-09  -1.4e-08  -6.3e-08   0         0         0         0.009   
   3.7e-07   4e-07     4.8e-07   7.6e-09  -1.4e-08  -6.3e-08   0         0         0         0.009   
   3.7e-07   3.7e-07   5.2e-07  -2.7e-10  -2.7e-09   1.5e-08   0         0         0         0.009   
   3.7e-07   3.7e-07   5.2e-07  -2.7e-10  -2.7e-09   1.5e-08   0         0         0         0.009   

QM
   1.1     
   0         1.1     
   0         0         1.1     
  -0.018    -0.026     0         0.011   
   0.029    -5.5e-07   0.026    -0.00075   0.011   
  -3.1e-07  -0.029     0.018     0.00066   0.00037   0.0021  
                                                               0.009   
                                                               0         0.009   
                                                               0         0         0.009   
                                                              -0.0001   -0.00097   0.0009    0.0002  
                                                               0.0014    0.00048   0.00067   6.8e-21   0.00029 
                                                              -6.9e-05  -0.00066   0.00061   0.00013   1.7e-20   9.1e-05 
                                                                                                                           0.009   
                                                                                                                           0         0.009   
                                                                                                                           0         0         0.009   
                                                                                                                          -0.00017  -0.00071   0.0013    0.00026 
                                                                                                                           0.0011    0.0014    0.00086   3.1e-06   0.00041 
                                                                                                                          -0.00014  -0.00056   0.001     0.0002   -4.1e-06   0.00015 
                                                                                                                                                                                       0.009   
                                                                                                                                                                                       0         0.009   
                                                                                                                                                                                       0         0         0.009   
                                                                                                                                                                                      -0.00023  -0.0015    0.00015   0.00027 
                                                                                                                                                                                       0.0015   -0.00017   0.00068  -6.8e-21   0.00031 
                                                                                                                                                                                      -9.4e-05  -0.00062   6e-05     0.00011  -6.8e-21   4.5e-05 

QLD
     0:  0.99    
     0: -0.035      1:  0.61    
     0: -0.073      1:  0.26       2:  0.89    
     0: -1.5        1: -1.6        2: -0.36       3:  0.011   
     0:  2.6        1:  0.45       2:  2.1        3: -0.078      4:  0.011   
     0: -0.00015    1: -14         2:  8.5        3:  0.31       4:  0.17       5:  0.0021  
     6:  1.6e-05 
     6: -0.42       7:  2.6e-05 
     6: -0.85       7:  1          8:  0.0033  
     6: -0.39       7: -3.7        8:  3.5        9:  1.5e-06 
     6:  4.8        7:  1.7        8:  2.4        9: -6.3e-17   10:  0.00029 
     6: -0.76       7: -7.2        8:  6.8        9:  1.5       10:  1.9e-16   11:  9.1e-05 
    12:  3.5e-05 
    12: -1.4       13:  7.8e-05 
    12: -4.5       13:  2.9       14:  0.0003  
    12: -0.4       13: -1.7       14:  3.3       15:  9.9e-07 
    12:  2.6       13:  3.2       14:  2.2       15:  0.02      16:  0.00041 
    12: -0.95      13: -3.7       14:  6.7       15:  1.3       16: -0.027     17:  0.00015 
    18:  1.2e-05 
    18: -0.06      19:  1.1e-05 
    18: -0.43      19:  0.16      20:  0.0075  
    18: -0.77      19: -5.1       20:  0.5       21:  3.5e-06 
    18:  4.9       19: -0.53      20:  2.2       21:  3.1e-17   22:  0.00031 
    18: -2.1       19: -14        20:  1.4       21:  2.4       22: -1.5e-16   23:  4.5e-05 

QLDIAGINV
   1       
   1.6     
   1.1     
   95      
   90      
   4.7e+02 
   6.4e+04 
   3.8e+04 
   3.1e+02 
   6.7e+05 
   3.5e+03 
   1.1e+04 
   2.9e+04 
   1.3e+04 
   3.3e+03 
   1e+06   
   2.4e+03 
   6.6e+03 
   8.1e+04 
   8.9e+04 
   1.3e+02 
   2.9e+05 
   3.2e+03 
   2.2e+04 

QH
     0:  1.1     
     0: -0.0067     1:  1.1     
     0: -0.011      1:  0.0088     2:  1.1     
     0: -0.29       1: -0.43       2:  0.0016     3:  0.061   
     0:  0.47       1:  0.0033     2:  0.43       3: -0.012      4:  0.061   
     0: -6e-06      1: -0.55       2:  0.35       3:  0.013      4:  0.0071     5:  0.052   
     6:  1.6e-05 
     6: -0.42       7:  2.6e-05 
     6: -0.85       7:  1          8:  0.0033  
     6: -0.39       7: -3.7        8:  3.5        9:  1.5e-06 
     6:  4.8        7:  1.7        8:  2.4        9: -6.3e-17   10:  0.00029 
     6: -0.76       7: -7.2        8:  6.8        9:  1.5       10:  1.9e-16   11:  9.1e-05 
    12:  3.5e-05 
    12: -1.4       13:  7.8e-05 
    12: -4.5       13:  2.9       14:  0.0003  
    12: -0.4       13: -1.7       14:  3.3       15:  9.9e-07 
    12:  2.6       13:  3.2       14:  2.2       15:  0.02      16:  0.00041 
    12: -0.95      13: -3.7       14:  6.7       15:  1.3       16: -0.027     17:  0.00015 
    18:  1.2e-05 
    18: -0.06      19:  1.1e-05 
    18: -0.43      19:  0.16      20:  0.0075  
    18: -0.77      19: -5.1       20:  0.5       21:  3.5e-06 
    18:  4.9       19: -0.53      20:  2.2       21:  3.1e-17   22:  0.00031 
    18: -2.1       19: -14        20:  1.4       21:  2.4       22: -1.5e-16   23:  4.5e-05 

QHDIAGINV
   0.89    
   0.89    
   0.89    
   16      
   16      
   19      
   6.4e+04 
   3.8e+04 
   3.1e+02 
   6.7e+05 
   3.5e+03 
   1.1e+04 
   2.9e+04 
   1.3e+04 
   3.3e+03 
   1e+06   
   2.4e+03 
   6.6e+03 
   8.1e+04 
   8.9e+04 
   1.3e+02 
   2.9e+05 
   3.2e+03 
   2.2e+04 

B: body-dof matrix
--------------------------
 xxxxxxxxxxxxxxxxxxxxxxxx |
 xxxxxx                   |
 xxxxxx                   |
       xxxxxx             |
       xxxxxx             |
             xxxxxx       |
             xxxxxx       |
                   xxxxxx |
                   xxxxxx |
--------------------------

B_rownnz              24 6 6 6 6 6 6 6 6

B_rowadr              0 24 30 36 42 48 54 60 66

B_colind              0 1 2 3 4 5 6 7 8 9 10 11 12 13 14 15 16 17 18 19 20 21 22 23 0 1 2 3 4 5 0 1 2 3 4 5 6 7 8 9 10 11 6 7 8 9 10 11 12 13 14 15 16 17 12 13 14 15 16 17 18 19 20 21 22 23 18 19 20 21 22 23

M: inertia matrix
--------------------------
 x                        |
 xx                       |
 xxx                      |
 xxxx                     |
 xxxxx                    |
 xxxxxx                   |
       x                  |
       xx                 |
       xxx                |
       xxxx               |
       xxxxx              |
       xxxxxx             |
             x            |
             xx           |
             xxx          |
             xxxx         |
             xxxxx        |
             xxxxxx       |
                   x      |
                   xx     |
                   xxx    |
                   xxxx   |
                   xxxxx  |
                   xxxxxx |
--------------------------

M_rownnz              1 2 3 4 5 6 1 2 3 4 5 6 1 2 3 4 5 6 1 2 3 4 5 6

M_rowadr              0 1 3 6 10 15 21 22 24 27 31 36 42 43 45 48 52 57 63 64 66 69 73 78

M_colind              0 0 1 0 1 2 0 1 2 3 0 1 2 3 4 0 1 2 3 4 5 6 6 7 6 7 8 6 7 8 9 6 7 8 9 10 6 7 8 9 10 11 12 12 13 12 13 14 12 13 14 15 12 13 14 15 16 12 13 14 15 16 17 18 18 19 18 19 20 18 19 20 21 18 19 20 21 22 18 19 20 21 22 23

mapM2M                0 2 1 5 4 3 9 8 7 6 14 13 12 11 10 20 19 18 17 16 15 21 23 22 26 25 24 30 29 28 27 35 34 33 32 31 41 40 39 38 37 36 42 44 43 47 46 45 51 50 49 48 56 55 54 53 52 62 61 60 59 58 57 63 65 64 68 67 66 72 71 70 69 77 76 75 74 73 83 82 81 80 79 78

C: reduced dof-dof matrix
--------------------------
 x                        |
 xx                       |
 xxx                      |
 xxxx                     |
 xxxxx                    |
 xxxxxx                   |
       x                  |
       xx                 |
       xxx                |
       xxxx               |
       xxxxx              |
       xxxxxx             |
             x            |
             xx           |
             xxx          |
             xxxx         |
             xxxxx        |
             xxxxxx       |
                   x      |
                   xx     |
                   xxx    |
                   xxxx   |
                   xxxxx  |
                   xxxxxx |
--------------------------

C_rownnz              1 2 3 4 5 6 1 2 3 4 5 6 1 2 3 4 5 6 1 2 3 4 5 6

C_rowadr              0 1 3 6 10 15 21 22 24 27 31 36 42 43 45 48 52 57 63 64 66 69 73 78

C_colind              0 0 1 0 1 2 0 1 2 3 0 1 2 3 4 0 1 2 3 4 5 6 6 7 6 7 8 6 7 8 9 6 7 8 9 10 6 7 8 9 10 11 12 12 13 12 13 14 12 13 14 15 12 13 14 15 16 12 13 14 15 16 17 18 18 19 18 19 20 18 19 20 21 18 19 20 21 22 18 19 20 21 22 23

mapM2C                0 2 1 5 4 3 9 8 7 6 14 13 12 11 10 20 19 18 17 16 15 21 23 22 26 25 24 30 29 28 27 35 34 33 32 31 41 40 39 38 37 36 42 44 43 47 46 45 51 50 49 48 56 55 54 53 52 62 61 60 59 58 57 63 65 64 68 67 66 72 71 70 69 77 76 75 74 73 83 82 81 80 79 78

D: dof-dof matrix
--------------------------
 Dxxxxx                   |
 xDxxxx                   |
 xxDxxx                   |
 xxxDxx                   |
 xxxxDx                   |
 xxxxxD                   |
       Dxxxxx             |
       xDxxxx             |
       xxDxxx             |
       xxxDxx             |
       xxxxDx             |
       xxxxxD             |
             Dxxxxx       |
             xDxxxx       |
             xxDxxx       |
             xxxDxx       |
             xxxxDx       |
             xxxxxD       |
                   Dxxxxx |
                   xDxxxx |
                   xxDxxx |
                   xxxDxx |
                   xxxxDx |
                   xxxxxD |
--------------------------

D_rownnz              6 6 6 6 6 6 6 6 6 6 6 6 6 6 6 6 6 6 6 6 6 6 6 6

D_rowadr              0 6 12 18 24 30 36 42 48 54 60 66 72 78 84 90 96 102 108 114 120 126 132 138

D_colind              0 1 2 3 4 5 0 1 2 3 4 5 0 1 2 3 4 5 0 1 2 3 4 5 0 1 2 3 4 5 0 1 2 3 4 5 6 7 8 9 10 11 6 7 8 9 10 11 6 7 8 9 10 11 6 7 8 9 10 11 6 7 8 9 10 11 6 7 8 9 10 11 12 13 14 15 16 17 12 13 14 15 16 17 12 13 14 15 16 17 12 13 14 15 16 17 12 13 14 15 16 17 12 13 14 15 16 17 18 19 20 21 22 23 18 19 20 21 22 23 18 19 20 21 22 23 18 19 20 21 22 23 18 19 20 21 22 23 18 19 20 21 22 23

mapM2D                0 2 5 9 14 20 2 1 4 8 13 19 5 4 3 7 12 18 9 8 7 6 11 17 14 13 12 11 10 16 20 19 18 17 16 15 21 23 26 30 35 41 23 22 25 29 34 40 26 25 24 28 33 39 30 29 28 27 32 38 35 34 33 32 31 37 41 40 39 38 37 36 42 44 47 51 56 62 44 43 46 50 55 61 47 46 45 49 54 60 51 50 49 48 53 59 56 55 54 53 52 58 62 61 60 59 58 57 63 65 68 72 77 83 65 64 67 71 76 82 68 67 66 70 75 81 72 71 70 69 74 80 77 76 75 74 73 79 83 82 81 80 79 78

mapD2M                0 7 6 14 13 12 21 20 19 18 28 27 26 25 24 35 34 33 32 31 30 36 43 42 50 49 48 57 56 55 54 64 63 62 61 60 71 70 69 68 67 66 72 79 78 86 85 84 93 92 91 90 100 99 98 97 96 107 106 105 104 103 102 108 115 114 122 121 120 129 128 127 126 136 135 134 133 132 143 142 141 140 139 138

QDERIV
     0: -1e+02      1:  0          2:  0          3:  0          4:  0          5:  0       
     0:  0          1: -1e+02      2:  0          3:  0          4:  0          5:  0       
     0:  0          1:  0          2: -1e+02      3:  0          4:  0          5:  0       
     0:  0          1:  0          2:  0          3: -1e+02      4:  0          5:  0       
     0:  0          1:  0          2:  0          3:  0          4: -1e+02      5:  0       
     0:  0          1:  0          2:  0          3:  0          4:  0          5: -1e+02   
     6:  0          7:  0          8:  0          9:  0         10:  0         11:  0       
     6:  0          7:  0          8:  0          9:  0         10:  0         11:  0       
     6:  0          7:  0          8:  0          9:  0         10:  0         11:  0       
     6:  0          7:  0          8:  0          9:  0         10:  0         11:  0       
     6:  0          7:  0          8:  0          9:  0         10:  0         11:  0       
     6:  0          7:  0          8:  0          9:  0         10:  0         11:  0       
    12:  0         13:  0         14:  0         15:  0         16:  0         17:  0       
    12:  0         13:  0         14:  0         15:  0         16:  0         17:  0       
    12:  0         13:  0         14:  0         15:  0         16:  0         17:  0       
    12:  0         13:  0         14:  0         15:  0         16:  0         17:  0       
    12:  0         13:  0         14:  0         15:  0         16:  0         17:  0       
    12:  0         13:  0         14:  0         15:  0         16:  0         17:  0       
    18:  0         19:  0         20:  0         21:  0         22:  0         23:  0       
    18:  0         19:  0         20:  0         21:  0         22:  0         23:  0       
    18:  0         19:  0         20:  0         21:  0         22:  0         23:  0       
    18:  0         19:  0         20:  0         21:  0         22:  0         23:  0       
    18:  0         19:  0         20:  0         21:  0         22:  0         23:  0       
    18:  0         19:  0         20:  0         21:  0         22:  0         23:  0       

CONTACT
ACTUATOR_VELOCITY
  -0.11    
  -0.0002  
  -0.042   
   0.0027  
  -0.0054  
  -0.00094 

CVEL
   0         0         0         0         0         0       
   0         0         0         0         0         0       
  -0.00094  -0.0054    0.0027   -0.11     -0.00024  -0.043   
   10        2         0.055     0.092    -0.11     -0.013   
   10        2         0.055     0.092    -0.11     -0.013   
  -0.89     -5.5       2.9       0.049     0.0095   -0.035   
  -0.89     -5.5       2.9       0.049     0.0095   -0.035   
   1.7      -0.45     -0.85      0.033     0.00054   0.0082  
   1.7      -0.45     -0.85      0.033     0.00054   0.0082  

CDOF_DOT
   0         0         0         0         0         0       
   0         0         0         0         0         0       
   0         0         0         0         0         0       
   0         0         0        -0.0002    0.11      0       
  -0.0027    5.1e-08   0         0.042     6.9e-05  -0.11    
   1.2e-07   0.0027    0.0054   -1.9e-05  -0.043     0.00026 
   0         0         0         0         0         0       
   0         0         0         0         0         0       
   0         0         0         0         0         0       
   0         0        -0        -0.11     -1.3      -0.94    
  -0         0         0         0.28     -0.18     -0.16    
   0         0         0         1.6       0.011    -0.14    
   0         0         0         0         0         0       
   0         0         0         0         0         0       
   0         0         0         0         0         0       
   0         0         0        -0.13      0.84     -0.32    
  -0         0         0        -0.92      0.63      0.23    
   0        -0         0        -0.67     -0.58      0.66    
   0         0         0         0         0         0       
   0         0         0         0         0         0       
   0         0         0         0         0         0       
   0         0        -0         0.0066   -0.0087   -0.24    
  -0         0         0        -0.016     0.0074    0.051   
   0        -0         0         0.23     -0.086     0.013   

QFRC_BIAS
   9.8e-07 
  -9.7e-07 
   11      
   3.3e-09 
   0.26    
   0.18    
   0.024   
  -0.11    
  -0.011   
   0.011   
  -0.0034  
   0.0074  
   0.066   
  -0.023   
   0.065   
   0.01    
   0.011   
   0.0077  
  -0.0018  
   0.00019 
   0.085   
   0.0014  
   0.0061  
   0.00057 

QFRC_SPRING
   0       
   0       
   0       
   0       
   0       
   0       
   0       
   0       
   0       
   0       
   0       
   0       
   0       
   0       
   0       
   0       
   0       
   0       
   0       
   0       
   0       
   0       
   0       
   0       

QFRC_DAMPER
   0       
   0       
   0       
   0       
   0       
   0       
   0       
   0       
   0       
   0       
   0       
   0       
   0       
   0       
   0       
   0       
   0       
   0       
   0       
   0       
   0       
   0       
   0       
   0       

QFRC_GRAVCOMP
   0       
   0       
   0       
   0       
   0       
   0       
   0       
   0       
   0       
   0       
   0       
   0       
   0       
   0       
   0       
   0       
   0       
   0       
   0       
   0       
   0       
   0       
   0       
   0       

QFRC_FLUID
   0       
   0       
   0       
   0       
   0       
   0       
   0       
   0       
   0       
   0       
   0       
   0       
   0       
   0       
   0       
   0       
   0       
   0       
   0       
   0       
   0       
   0       
   0       
   0       

QFRC_PASSIVE
   0       
   0       
   0       
   0       
   0       
   0       
   0       
   0       
   0       
   0       
   0       
   0       
   0       
   0       
   0       
   0       
   0       
   0       
   0       
   0       
   0       
   0       
   0       
   0       

SUBTREE_LINVEL
   0         0         0       
   0         0         0       
   0         0         0       
   0         0         0       
   0         0         0       
   0         0         0       
   0         0         0       
   0         0         0       
   0         0         0       

SUBTREE_ANGMOM
   0         0         0       
   0         0         0       
   0         0         0       
   0         0         0       
   0         0         0       
   0         0         0       
   0         0         0       
   0         0         0       
   0         0         0       

ACTUATOR_FORCE
   17      
  -0.056   
   16      
  -0.076   
   0.4     
   0.2     

QFRC_ACTUATOR
   17      
  -0.056   
   16      
  -0.076   
   0.4     
   0.2     
   0       
   0       
   0       
   0       
   0       
   0       
   0       
   0       
   0       
   0       
   0       
   0       
   0       
   0       
   0       
   0       
   0       
   0       

QFRC_SMOOTH
   17      
  -0.056   
   5.4     
  -0.076   
   0.15    
   0.027   
  -0.024   
   0.11    
   0.011   
  -0.011   
   0.0034  
  -0.0074  
  -0.066   
   0.023   
  -0.065   
  -0.01    
  -0.011   
  -0.0077  
   0.0018  
  -0.00019 
  -0.085   
  -0.0014  
  -0.0061  
  -0.00057 

QACC_SMOOTH
   17      
  -1.2     
   7       
   19      
  -43      
  -62      
  -3.9     
   12      
   0.85    
  -1.8     
   8       
   4e-13   
  -7.2     
   2.9     
  -7.9     
   6.9     
  -5e-14   
  -3.1     
   0.31    
  -0.04    
  -9.4     
  -0.042   
  -0.66    
   1.8e-13 

QFRC_CONSTRAINT
   0       
   0       
   0       
   0       
   0       
   0       
   0       
   0       
   0       
   0       
   0       
   0       
   0       
   0       
   0       
   0       
   0       
   0       
   0       
   0       
   0       
   0       
   0       
   0       

QFRC_INVERSE
   0       
   0       
   0       
   0       
   0       
   0       
   0       
   0       
   0       
   0       
   0       
   0       
   0       
   0       
   0       
   0       
   0       
   0       
   0       
   0       
   0       
   0       
   0       
   0       

CACC
   0         0         0         0         0         0       
   0         0         0         0         0         0       
   0         0         0         0         0         0       
   0         0         0         0         0         0       
   0         0         0         0         0         0       
   0         0         0         0         0         0       
   0         0         0         0         0         0       
   0         0         0         0         0         0       
   0         0         0         0         0         0       

CFRC_INT
   0         0         0         0         0         0       
   0         0         0         0         0         0       
   0         0         0         0         0         0       
   0         0         0         0         0         0       
   0         0         0         0         0         0       
   0         0         0         0         0         0       
   0         0         0         0         0         0       
   0         0         0         0         0         0       
   0         0         0         0         0         0       

CFRC_EXT
   0         0         0         0         0         0       
   0         0         0         0         0         0       
   0         0         0         0         0         0       
   0         0         0         0         0         0       
   0         0         0         0         0         0       
   0         0         0         0         0         0       
   0         0         0         0         0         0       
   0         0         0         0         0         0       
   0         0         0         0         0         0       

